species <- list(
  winter_birds = c(
    POEMON = "MX.34535",
    REGREG = "MX.33954",
    LOPCRI = "MX.34553",
    BONBON = "MX.26931",
    TETURO = "MX.26928",
    TETRIX = "MX.26926",
    CERFAM = "MX.34616",
    DRYMAR = "MX.30504",
    LOXCUR = "MX.36358",
    GLAPAS = "MX.29011",
    PINENU = "MX.36351",
    PICTRI = "MX.30453",
    LOXPYT = "MX.36356",
    SURULU = "MX.29008",
    POECIN = "MX.34542",
    PERINF = "MX.37095"
  )
)
